2.175
2.1581
2.1398
2.1183
2.0926
2.0634
2.0332
2.0063
1.9868
1.9772
1.9778
1.987
2
2.013
2.0222
2.0255
2.0222
2.013
2
1.987
1.9778
1.9745
1.9778
1.987
2
2.013
2.0222
2.0255
2.0222
2.013
2
1.987
1.9778
1.9745
1.9778
1.987
2
2.013
2.0222
2.0255
2.0222
2.013
2
1.987
1.9778
1.9745
1.9778
1.987
2
2.013
2.0222
2.0255
2.0222
2.013
2
1.987
1.9778
1.9745
1.9778
1.987
2
2.013
2.0222
2.0255
2.0222
2.013
2
1.987
1.9778
1.9745
1.9778
1.987
2
2.013
2.0222
2.0255
2.0222
2.013
2
1.987
1.9778
1.9745
1.9778
1.987
2
2.013
2.0222
2.0255
2.0222
2.013
1.9952
1.9769
1.9628
1.9562
1.9587
1.9704
1.99
2.0147
2.0415
2.0677
8.9655
8.9521
8.9397
8.931
8.9283
8.9333
8.946
8.9649
8.9868
9.0073
9.0222
9.0255
9.0222
9.013
9
8.987
8.9778
8.9745
8.9778
8.987
9
9.013
9.0222
9.0255
9.0222
9.013
9
8.987
8.9778
8.9745
8.9778
8.987
9
9.013
9.0222
9.0255
9.0222
9.013
9
8.987
8.9778
8.9745
8.9778
8.987
9
9.013
9.0222
9.0255
9.0222
9.013
9
8.987
8.9778
8.9745
8.9778
8.987
9
9.013
9.0222
9.0255
9.0222
9.013
9
8.987
8.9778
8.9745
8.9778
8.987
9
9.013
9.0222
9.0255
9.0222
9.013
9
8.987
8.9778
8.9745
8.9778
8.987
9
9.013
9.0222
9.0255
9.0222
9.013
9
8.987
8.9778
8.9745
8.9827
9.0001
9.024
9.0502
9.0747
9.0943
9.108
9.116
9.1202
9.1228
15.854
15.882
15.914
15.947
15.978
16.004
16.022
16.03
16.027
16.016
16
15.987
15.978
15.974
15.978
15.987
16
16.013
16.022
16.026
16.022
16.013
16
15.987
15.978
15.974
15.978
15.987
16
16.013
16.022
16.026
16.022
16.013
16
15.987
15.978
15.974
15.978
15.987
16
16.013
16.022
16.026
16.022
16.013
16
15.987
15.978
15.974
15.978
15.987
16
16.013
16.022
16.026
16.022
16.013
16
15.987
15.978
15.974
15.978
15.987
16
16.013
16.022
16.026
16.022
16.013
16
15.987
15.978
15.974
15.978
15.987
16
16.013
16.022
16.026
16.022
16.013
16
15.987
15.978
15.974
15.978
15.987
16
16.013
16.022
16.023
16.014
15.993
15.965
15.933
15.9
15.87
15.843
15.818
