16.175
16.158
16.14
16.118
16.093
16.063
16.033
16.006
15.987
15.977
15.978
15.987
16
16.013
16.022
16.026
16.022
16.013
16
15.987
15.978
15.974
15.978
15.987
16
16.013
16.022
16.026
16.022
16.013
16
15.987
15.978
15.974
15.978
15.987
16
16.013
16.022
16.026
16.022
16.013
16
15.987
15.978
15.974
15.978
15.987
16
16.013
16.022
16.026
16.022
16.013
16
15.987
15.978
15.974
15.978
15.987
16
16.013
16.022
16.026
16.022
16.013
16
15.987
15.978
15.974
15.978
15.987
16
16.013
16.022
16.026
16.022
16.013
16
15.987
15.978
15.974
15.978
15.987
16
16.013
16.022
16.026
16.022
16.013
15.995
15.977
15.963
15.956
15.958
15.97
15.989
16.014
16.039
16.064
8.9686
8.9537
8.9408
8.932
8.9294
8.9343
8.9466
8.9651
8.9869
9.0074
9.0222
9.0255
9.0222
9.013
9
8.987
8.9778
8.9745
8.9778
8.987
9
9.013
9.0222
9.0255
9.0222
9.013
9
8.987
8.9778
8.9745
8.9778
8.987
9
9.013
9.0222
9.0255
9.0222
9.013
9
8.987
8.9778
8.9745
8.9778
8.987
9
9.013
9.0222
9.0255
9.0222
9.013
9
8.987
8.9778
8.9745
8.9778
8.987
9
9.013
9.0222
9.0255
9.0222
9.013
9
8.987
8.9778
8.9745
8.9778
8.987
9
9.013
9.0222
9.0255
9.0222
9.013
9
8.987
8.9778
8.9745
8.9778
8.987
9
9.013
9.0222
9.0255
9.0222
9.013
9
8.987
8.9778
8.9745
8.9827
9
9.0238
9.0498
9.0738
9.0929
9.1063
9.1144
9.1186
9.1206
1.8576
1.8855
1.9157
1.9476
1.9786
2.0048
2.0224
2.0298
2.027
2.016
2
1.987
1.9778
1.9745
1.9778
1.987
2
2.013
2.0222
2.0255
2.0222
2.013
2
1.987
1.9778
1.9745
1.9778
1.987
2
2.013
2.0222
2.0255
2.0222
2.013
2
1.987
1.9778
1.9745
1.9778
1.987
2
2.013
2.0222
2.0255
2.0222
2.013
2
1.987
1.9778
1.9745
1.9778
1.987
2
2.013
2.0222
2.0255
2.0222
2.013
2
1.987
1.9778
1.9745
1.9778
1.987
2
2.013
2.0222
2.0255
2.0222
2.013
2
1.987
1.9778
1.9745
1.9778
1.987
2
2.013
2.0222
2.0255
2.0222
2.013
2
1.987
1.9778
1.9745
1.9778
1.987
2
2.013
2.0225
2.0232
2.0135
1.9935
1.9653
1.9327
1.9001
1.87
1.843
1.818
